  29  29  46  54  57  63    4L    7H
  20  43  62  63  63 117    4L    6H
  25  51  58  63  63 119    4L    7H
  31  31  43  53  57  57    4L    9H
   6  15  25  57  62  63    4L    4H
  15  31  41  57  62  62    4L    7H
  23  29  47  54  57  57    4L    6H
  29  42  51  58  59  63    4L    7H
  15  42  51  59  63 119    4L    7H
  15  15  29  47  57  58    4L    8H
  25  42  51  56  63  63    4L    5H
   6  15  23  47  57  59    4L    5H
  31  43  43  43  55  57    4L    9H
  11  47  54  57  59  59    4L    7H
  53  53  53  59  61  63    4L    9H
  29  41  43  47  62  63    4L    9H
  21  45  55  59  63 125    4L    7H
  15  25  31  51  61  62    4L    7H
  21  29  55  63  63 123    4L    8H
  42  47  51  54  57  63    4L    6H
  31  43  46  54  57  57    4L    6H
  42  54  58  59  62  63    4L    6H
  15  15  15  15  25  61    4L    7H
  11  47  51  54  57  59    4L    5H
  42  42  56  63  63  63    4L    8H
  15  25  31  46  55  61    4L    7H
  11  23  29  47  55  57    4L    6H
  15  25  47  55  55  57    4L    7H
  20  29  54  57  61  63    4L    5H
  11  27  54  57  62  63    4L    5H
  22  31  43  57  59  62    4L    7H
  25  31  46  51  60  63    4L    6H
  22  31  43  46  57  59    4L    6H
  15  15  29  47  56  57    4L    7H
  15  42  58  59  59  61    4L    8H
  21  29  49  63  63 119    4L    7H
  25  31  43  46  57  62    4L    6H
  21  49  54  55  61  63    4L    5H
  30  47  54  57  59  59    4L    8H
  25  29  46  51  62  63    4L    6H
  15  42  61  63 119 119    4L    7H
  29  46  54  57  62  62    4L    5H
  40  57  57  61  62  63    4L    7H
  15  41  47  55  57  62    4L    7H
  15  15  42  61  61 123    4L    6H
  23  47  54  57  60  62    4L    5H
  15  29  47  56  63 125    4L    8H
  15  15  25  43  47  61    4L    8H
  43  43  47  51  55  57    4L    8H
   6  15  21  57  61  63    4L    5H
  15  15  31  43  53  57    4L    8H
  23  30  47  54  57  59    4L    6H
  21  29  41  63  63 125    4L    7H
  42  42  58  59  61  63    4L    7H
  15  25  31  46  57  62    4L    6H
  31  39  54  57  61  62    4L    7H
  31  43  43  51  58  61    4L    8H
  23  43  47  54  57  57    4L    6H
  31  43  43  49  56  63    4L    7H
  41  43  53  53  61  63    4L    7H
  25  58  58  59  61  63    4L    8H
  42  43  56  60  61  63    4L    6H
  15  29  29  47  57 119    4L    8H
  11  15  23  41  47  63    4L    6H
   7  23  47  54  57  61    4L    5H
  29  43  43  55  55  57    4L    8H
  15  29  47  60  63 125    4L    9H
  29  31  31  41  55  57    4L    8H
  21  22  59  63  63 125    4L    7H
  23  29  43  43  55  57    4L    7H
   9  21  29  51  63  63    4L    5H
  15  23  25  47  51  61    4L    6H
  31  39  54  57  61  61    4L    8H
  30  31  46  54  57  61    4L    6H
  19  23  41  47  63  63    4L    7H
  15  23  25  47  55  57    4L    6H
  47  54  59  59  62 119    4L    8H
  27  29  41  62  62  63    4L    7H
  15  31  41  46  59  60    4L    6H
  15  20  21  61  63  63    4L    7H
  15  15  31  43  57 125    4L    8H
   6  29  29  55  57  63    4L    6H
  15  31  41  59  62  62    4L    8H
  23  46  47  54  57  61    4L    6H
  15  34  49  63  63 123    4L    4H
  29  41  47  51  59  62    4L    7H
  15  43  47  47  57  58    4L    9H
  29  29  45  47  57  62    4L    8H
  29  31  31  41  59  62    4L    9H
  41  47  54  55  57  61    4L    6H
  29  43  47  60  63 125    4L    9H
  15  49  58  59  63 119    4L    7H
  20  51  59  59  59  63    4L    8H
  11  15  31  41  62  63    4L    7H
  25  31  54  57  61  63    4L    8H
  46  47  51  54  57  59    4L    6H
  53  53  57  63  63 125    4L    9H
  21  29  51  53  59  63    4L    7H
  15  43  43  55  55  57    4L    8H
  20  25  54  57  63  63    4L    4H
  20  27  55  57  61  63    4L    6H
  20  29  63  63  63 117    4L    8H
  27  45  54  57  62  63    4L    6H
  27  34  63  63  63 123    4L    7H
  15  41  47  47  57  62    4L    8H
  15  21  53  59  61  61    4L    8H
  34  57  60  61  61  63    4L    7H
  29  47  47  57  57  58    4L    9H
  15  31  43  49  56  63    4L    7H
  11  15  23  25  47  63    4L    6H
   6  21  63  63  63 125    4L    7H
  21  29  63  63 119 125    4L    8H
  11  29  31  55  57  62    4L    7H
   6  31  46  51  57  63    4L    5H
   9  42  43  60  63  63    4L    5H
  34  42  54  57  63  63    4L    4H
  21  30  59  59  63 117    4L    7H
  21  29  49  56  63  63    4L    6H
  47  54  57  59  59  62    4L    9H
  15  20  25  45  63  63    4L    5H
  29  45  54  55  59  61    4L    7H
  30  31  54  57  61  61    4L    8H
  31  41  46  54  57  63    4L    6H
  15  23  25  47  57  62    4L    6H
  47  54  55  57  62  62    4L    7H
  39  47  51  54  57  59    4L    6H
  15  29  45  55  57  62    4L    7H
  21  29  57  63  63 117    4L    8H
   6  15  25  27  63  63    4L    5H
  15  29  29  29  31  61    4L   10H
   6  20  29  57  63  63    4L    4H
  15  31  43  53  63 119    4L    9H
  29  29  43  57  62  62    4L    8H
  15  21  41  49  61  63    4L    5H
  25  41  42  62  63  63    4L    6H
  21  41  53  59  61  63    4L    7H
  15  51  58  58  59  63    4L    8H
  15  20  63  63  63 117    4L    8H
  15  31  43  51  56  61    4L    7H
  15  41  47  55  59  62    4L    8H
  15  45  47  47  57  60    4L    8H
  11  21  55  63  63 123    4L    6H
  43  49  53  60  61  63    4L    7H
   6  15  25  41  63  63    4L    4H
  21  43  53  60  61  63    4L    7H
   6  43  54  57  57  63    4L    4H
  57  58  58  58  63  63    4L    9H
   9  15  29  47  51  63    4L    6H
  15  31  43  43  57 125    4L    8H
  35  42  49  57  63  63    4L    6H
  15  15  31  31  53  57    4L    9H
  15  29  29  46  57  62    4L    7H
  11  29  29  47  57  62    4L    7H
  22  31  43  63  63 117    4L    8H
  23  41  43  55  60  63    4L    6H
  21  21  59  61  61  63    4L    9H
  23  29  41  43  62  63    4L    7H
  31  46  54  57  60  62    4L    5H
  15  20  25  55  61  63    4L    5H
  42  42  59  59  61  63    4L    9H
  42  56  58  59  61  63    4L    7H
  11  15  23  43  55  57    4L    5H
  47  54  58  59  59  62    4L    8H
  38  42  56  59  61  63    4L    5H
  39  42  61  61  63 123    4L    7H
  29  42  51  59  63 119    4L    7H
  15  58  59  63 119 125    4L    8H
  15  25  58  58  59  63    4L    7H
  29  34  41  59  62  63    4L    5H
   7  31  46  54  57  59    4L    5H
  21  27  49  55  59  63    4L    6H
  31  53  54  61  63 125    4L    8H
  29  29  38  46  57  63    4L    6H
  15  31  43  51  56  63    4L    8H
  21  49  53  59  61  63    4L    7H
  15  21  56  61  63 125    4L    6H
  34  39  54  57  59  63    4L    4H
  29  31  54  57  61  61    4L    9H
   6  29  41  57  62  63    4L    4H
   6  15  29  46  57  63    4L    5H
  15  21  49  60  61  63    4L    6H
   6  29  43  57  61  62    4L    5H
  15  45  45  55  57  62    4L    6H
  43  47  54  57  59  59    4L    9H
  43  53  53  59  61  61    4L    9H
  21  27  55  63  63 123    4L    7H
  15  25  31  31  55  57    4L    8H
  11  15  27  55  57  62    4L    5H
  21  28  59  59  63 117    4L    6H
  29  43  47  47  56  57    4L    8H
  30  47  54  55  57  61    4L    7H
  29  31  54  57  60  61    4L    7H
  15  25  47  47  51  61    4L    8H
  15  27  34  41  63  63    4L    5H
  15  31  41  45  46  63    4L    7H
  15  41  53  53  61  63    4L    7H
  38  42  57  63  63 119    4L    6H
  15  31  43  43  49  57    4L    7H
  15  31  43  51  63 119    4L    9H
  15  15  43  53  60  63    4L    8H
  15  41  47  55  59  60    4L    7H
  42  43  60  61  63 119    4L    7H
   6  15  31  57  59  62    4L    6H
  23  43  45  47  57  62    4L    7H
  25  31  31  43  57  62    4L    8H
  15  25  42  56  59  63    4L    5H
  29  31  43  43  51  57    4L    8H
  31  46  54  55  57  61    4L    7H
  23  42  61  61  63 123    4L    7H
  20  54  55  57  61  63    4L    5H
  15  53  59  61  61 125    4L    9H
  11  15  25  47  55  63    4L    7H
  11  42  61  62  63 119    4L    6H
  11  15  25  31  46  63    4L    6H
  31  45  54  57  57  62    4L    6H
  23  31  54  57  61  61    4L    8H
  31  41  46  55  62  63    4L    8H
  20  43  51  59  59  63    4L    7H
  25  29  58  58  59  63    4L    7H
  15  29  45  57  62  62    4L    7H
   6  15  42  57  59  63    4L    5H
  25  51  58  58  63  63    4L    7H
  31  41  46  54  57  61    4L    5H
  25  31  43  55  59  60    4L    7H
  15  25  29  31  51  63    4L    8H
  23  47  51  54  55  57    4L    5H
  29  29  47  58  63 125    4L    9H
  31  54  55  55  57  62    4L    7H
  31  43  45  57  62  62    4L    8H
   6  42  63  63  63 119    4L    7H
  25  57  58  58  63  63    4L    8H
  15  15  29  46  57  62    4L    7H
  21  39  59  59  63 117    4L    7H
  42  45  62  63  63 117    4L    7H
   7  29  46  54  57  63    4L    5H
  15  20  61  63  63 117    4L    7H
  58  58  58  59  63  63    4L   10H
  22  43  47  51  57  59    4L    6H
  15  42  49  58  59  63    4L    6H
  23  31  54  57  61  62    4L    7H
  42  54  58  58  63  63    4L    6H
   6  41  55  57  61  63    4L    5H
   6  15  45  55  57  59    4L    4H
  34  57  61  61  61  63    4L    9H
  21  41  53  60  63  63    4L    6H
  15  53  53  60  61  63    4L    8H
  15  31  43  56  63 125    4L    8H
   6  27  43  57  62  63    4L    5H
  29  29  47  56  63 125    4L    8H
  15  34  55  61  63 123    4L    5H
  19  25  31  46  63  63    4L    7H
  15  15  47  47  49  57    4L    8H
  15  49  53  56  61  63    4L    6H
  11  15  25  31  60  63    4L    6H
  15  23  43  45  55  57    4L    6H
  25  42  57  58  63  63    4L    7H
  15  29  47  49  60  63    4L    8H
  15  53  53  57  60  63    4L    7H
  23  43  45  54  57  63    4L    6H
  23  46  47  54  57  59    4L    6H
  21  43  53  59  61  61    4L    8H
   6  23  47  55  57  63    4L    6H
  15  42  49  59  63 119    4L    6H
  42  42  63  63  63 119    4L    9H
   7  20  54  57  61  63    4L    3H
  25  31  46  51  62  63    4L    7H
   6  11  15  41  63  63    4L    4H
  15  27  29  57  62  62    4L    7H
  20  29  43  59  59  63    4L    8H
  15  25  31  51  60  61    4L    6H
  53  54  55  61  63 125    4L    7H
  15  49  56  58  59  63    4L    6H
  29  42  58  58  61  63    4L    7H
  15  43  47  47  57 119    4L    9H
  29  29  43  47  57  60    4L    8H
   6  15  15  25  61  63    4L    5H
  20  59  59  59  59  63    4L   10H
  40  49  57  61  62  63    4L    5H
  23  25  47  55  60  63    4L    7H
  15  20  59  61  63 117    4L    6H
  11  43  47  55  57  62    4L    7H
  15  15  25  45  55  63    4L    7H
  15  25  42  59  63 119    4L    6H
  15  20  63  63 117 119    4L    5H
   6  11  29  55  57  63    4L    4H
   6  15  34  57  59  63    4L    3H
  25  43  45  55  55  63    4L    7H
  21  22  57  63  63 125    4L    6H
  15  31  43  53  56  63    4L    8H
  15  15  31  31  56  57    4L    8H
  15  31  31  41  57  62    4L    8H
  15  27  29  46  57  62    4L    6H
  23  42  47  54  57  63    4L    6H
  23  25  47  55  62  63    4L    8H
  29  29  47  49  56  63    4L    7H
  31  39  54  57  59  62    4L    7H
  15  23  41  47  59  60    4L    6H
  41  54  57  58  63  63    4L    7H
  11  29  46  54  57  63    4L    5H
  31  41  54  57  61  62    4L    6H
  15  20  53  57  61  63    4L    6H
  15  53  61  63 119 125    4L    8H
  21  21  49  63  63  63    4L    8H
   6  41  54  57  61  63    4L    3H
  29  31  38  57  61  61    4L    8H
  31  43  43  51  56  63    4L    8H
  29  41  47  55  59  62    4L    8H
   6  41  54  57  63  63    4L    4H
  21  43  53  59  63 125    4L    7H
   6  43  45  57  62  63    4L    5H
  29  29  31  31  51  57    4L    9H
  21  31  46  54  57  63    4L    6H
  15  23  25  45  47  63    4L    7H
  31  49  54  55  61  61    4L    7H
  15  27  41  62  62  63    4L    7H
  42  46  61  61  63 123    4L    7H
  21  43  53  53  59  63    4L    7H
  21  41  53  57  63  63    4L    7H
  20  57  59  59  59  63    4L    9H
  15  21  57  60  63 125    4L    6H
  30  47  54  55  57  59    4L    7H
  11  29  31  31  55  57    4L    8H
  15  15  47  47  57  58    4L    9H
  15  41  47  51  59  60    4L    6H
  31  43  43  51  61 119    4L    8H
  15  31  31  41  59  60    4L    8H
  15  42  51  57  58  63    4L    6H
  15  31  43  49  63 119    4L    8H
  22  31  31  43  57  57    4L    7H
  27  34  54  57  59  63    4L    4H
  15  20  49  57  61  63    4L    5H
  47  54  56  59  59  62    4L    7H
  15  29  47  49  59  60    4L    7H
  15  31  41  46  57  62    4L    6H
   6  31  43  46  57  63    4L    6H
  29  29  47  53  56  63    4L    8H
  21  25  41  55  63  63    4L    6H
  21  43  49  53  59  63    4L    6H
  23  25  47  51  60  63    4L    6H
  15  34  51  61  63 123    4L    4H
  11  15  45  55  57  62    4L    5H
  20  45  55  57  61  63    4L    6H
  15  41  47  55  55  57    4L    7H
  27  47  54  55  57  57    4L    6H
   6  42  43  57  63  63    4L    6H
  29  41  43  47  53  63    4L    8H
  11  15  29  57  62  62    4L    6H
  25  31  43  55  57  62    4L    7H
  29  29  47  49  63 119    4L    8H
  15  29  29  57  62  62    4L    8H
  42  43  57  63  63 123    4L    8H
  23  25  43  47  57  62    4L    6H
  30  31  54  57  61  62    4L    7H
  15  21  41  53  61  63    4L    6H
  29  29  47  63 119 125    4L    9H
  15  29  29  47  57  60    4L    8H
  25  51  56  58  63  63    4L    6H
  43  45  47  47  57  62    4L    9H
  42  54  56  59  62  63    4L    5H
   7  23  43  54  57  63    4L    5H
   6  25  54  57  59  63    4L    3H
  46  47  54  57  59  59    4L    8H
  15  25  29  31  55  63    4L    9H
  29  34  55  63  63 123    4L    6H
  25  31  46  55  60  63    4L    7H
  21  41  57  60  63  63    4L    7H
  19  31  41  46  63  63    4L    7H
  11  21  49  55  59  63    4L    5H
   6  15  25  45  63  63    4L    5H
  30  42  61  61  63 123    4L    7H
  31  43  43  56  63 125    4L    8H
  15  29  47  47  49  57    4L    8H
  15  23  41  45  47  63    4L    7H
  15  25  42  58  59  63    4L    6H
  47  54  55  57  60  62    4L    6H
  38  42  56  57  63  63    4L    5H
  25  42  43  63  63 119    4L    7H
  20  29  29  57  62  63    4L    6H
  25  31  44  46  63  63    4L    7H
   6  21  49  63  63  63    4L    6H
  15  42  56  56  61  63    4L    5H
  11  34  63  63  63 123    4L    6H
   6  15  20  57  61  63    4L    3H
  29  42  51  56  59  63    4L    6H
  23  23  47  54  57  61    4L    6H
  23  39  43  54  57  63    4L    6H
  11  34  54  57  59  63    4L    3H
  15  34  59  61  63 123    4L    6H
  41  47  51  54  57  63    4L    6H
  29  34  60  61  61  63    4L    7H
   7  31  54  57  60  61    4L    5H
  15  27  41  47  51  63    4L    7H
   6  29  43  55  57  59    4L    5H
  15  25  47  47  55  61    4L    9H
  42  58  59  61  63 119    4L    8H
  58  58  58  59  61  63    4L    9H
  42  57  58  63  63 119    4L    8H
  20  46  54  57  61  63    4L    4H
   6  27  29  55  57  63    4L    5H
  29  29  41  47  51  63    4L    8H
  23  31  46  54  57  61    4L    6H
  15  15  31  57  62  62    4L    9H
  25  29  46  55  62  63    4L    7H
  15  23  41  47  55  57    4L    6H
  15  31  31  41  57  60    4L    7H
  31  54  57  62  62  62    4L    7H
  29  41  47  49  62  63    4L    7H
   6  25  54  57  63  63    4L    4H
  31  43  43  45  55  57    4L    8H
  29  38  47  55  57  61    4L    7H
  11  31  43  57  62  62    4L    7H
  11  23  43  54  57  63    4L    5H
  54  58  59  62  63 119    4L    7H
  29  31  38  57  59  62    4L    7H
  15  21  53  56  61  63    4L    6H
  47  54  58  58  59  63    4L    8H
  21  21  63  63  63 125    4L    9H
  27  54  55  55  57  62    4L    5H
  15  41  43  47  62  63    4L    9H
  11  20  55  57  61  63    4L    5H
  15  20  58  63  63 117    4L    5H
  25  29  42  58  59  63    4L    6H
  15  15  45  55  57  62    4L    7H
  23  29  46  54  57  63    4L    6H
  15  21  53  60  61  63    4L    7H
  25  31  43  55  56  63    4L    7H
  23  29  41  47  57  62    4L    6H
  21  22  49  57  63  63    4L    5H
  15  15  43  47  49  57    4L    7H
  23  25  43  47  55  57    4L    6H
  15  23  25  41  47  63    4L    6H
  31  53  53  54  61  63    4L    8H
  29  31  31  43  49  57    4L    8H
  19  23  25  47  63  63    4L    7H
  15  29  29  31  57  58    4L    8H
  15  41  47  47  57  60    4L    7H
  29  29  47  49  59  60    4L    7H
  15  15  29  51  58  63    4L    8H
  21  21  53  63  63  63    4L    9H
  42  43  49  56  63  63    4L    6H
  47  54  56  58  59  63    4L    7H
  15  29  47  59  60 125    4L    8H
  31  54  55  57  61  61    4L    9H
  38  42  61  63  63 119    4L    7H
  23  25  47  54  57  63    4L    6H
  45  47  54  57  59  59    4L    8H
  31  31  41  51  60  63    4L    8H
  15  15  31  31  49  57    4L    8H
  17  55  56  57  59  63    4L    5H
  31  43  43  46  55  57    4L    8H
  43  53  60  61  63 125    4L    8H
  15  15  31  46  57  62    4L    8H
  21  23  59  59  63 117    4L    7H
  56  58  58  59  61  63    4L    8H
  15  58  59  59  61 119    4L    9H
  23  23  47  54  57  59    4L    6H
   6  29  54  57  57  63    4L    4H
  21  46  59  59  63 117    4L    7H
  21  29  51  59  63 125    4L    7H
  15  25  56  58  59  63    4L    6H
  57  58  58  63  63 119    4L    9H
  21  29  56  63  63 125    4L    7H
  25  31  46  54  57  63    4L    6H
  27  31  54  57  57  62    4L    6H
  25  43  47  55  55  61    4L    8H
  41  42  54  57  63  63    4L    6H
  25  31  43  55  60  61    4L    7H
  22  23  43  47  57  59    4L    6H
  42  45  56  61  62  63    4L    6H
  21  41  49  60  63  63    4L    5H
  15  21  49  56  61  63    4L    5H
  15  43  43  47  53  57    4L    8H
  11  43  47  47  57  62    4L    8H
  15  21  59  61  61 125    4L    8H
   6  43  43  57  62  63    4L    6H
  15  15  15  43  53  61    4L    8H
  25  53  54  57  63  63    4L    7H
  34  45  63  63  63 123    4L    7H
  23  39  47  54  57  61    4L    6H
   6  11  15  55  57  59    4L    3H
  39  47  54  57  59  59    4L    8H
  15  15  31  43  51  57    4L    8H
  15  29  47  49  58  63    4L    8H
  34  56  59  61  61  63    4L    7H
  27  34  57  59  62  63    4L    6H
  31  43  45  46  57  62    4L    7H
  31  43  43  51  58  63    4L    9H
  23  43  43  54  57  63    4L    7H
  54  56  58  59  62  63    4L    6H
  20  43  57  59  59  63    4L    8H
  29  31  41  46  59  62    4L    7H
  58  58  59  61  63 119    4L    9H
  11  15  31  41  46  63    4L    6H
  53  53  54  63  63 125    4L    7H
  23  25  47  51  62  63    4L    7H
  25  42  51  57  63  63    4L    7H
  25  43  47  47  55  57    4L    8H
  15  42  63  63 117 119    4L    7H
  42  42  57  58  63  63    4L    7H
  20  49  59  59  61  63    4L    7H
  21  54  57  63  63 123    4L    6H
  11  15  34  41  63  63    4L    4H
  47  51  51  54  55  57    4L    5H
  25  31  43  57  62  62    4L    7H
   7  47  54  57  59  59    4L    7H
  21  29  41  49  63  63    4L    6H
  29  43  47  47  49  57    4L    8H
  31  46  54  55  55  57    4L    6H
  29  43  47  47  57 125    4L    9H
  29  41  49  53  63  63    4L    7H
  31  43  43  49  63 119    4L    8H
  15  29  47  49  56  63    4L    7H
  29  41  53  63  63 125    4L    8H
  29  41  47  51  61  62    4L    7H
  25  43  47  55  57  62    4L    7H
  49  53  53  57  63  63    4L    8H
  15  49  53  57  60  63    4L    6H
  15  41  47  47  59  60    4L    8H
  23  34  54  57  59  63    4L    4H
  15  31  41  59  60  62    4L    7H
  53  53  59  61  63 125    4L    9H
  11  45  54  55  57  63    4L    5H
  11  21  53  55  59  63    4L    6H
  15  15  29  47  57 119    4L    8H
  15  34  57  59  63 119    4L    6H
  15  34  59  63  63 123    4L    7H
  25  47  54  55  57  59    4L    6H
  22  43  47  47  57  57    4L    7H
  23  43  46  54  57  63    4L    6H
   6  23  29  47  57  63    4L    6H
  25  31  43  46  55  61    4L    7H
  11  29  47  55  55  57    4L    7H
  27  43  54  59  61  62    4L    7H
  42  43  63  63 119 125    4L    8H
  47  51  54  57  59  62    4L    7H
  15  20  56  63  63 117    4L    4H
  15  15  31  31  51  57    4L    9H
  42  42  58  61  63  63    4L    8H
  29  29  47  49  58  63    4L    8H
  15  31  41  46  59  62    4L    7H
  29  45  46  54  57  63    4L    6H
  20  30  54  57  61  63    4L    4H
  15  51  56  58  59  63    4L    7H
  29  31  43  51  63 119    4L    9H
  15  25  47  55  55  61    4L    8H
  31  43  43  51  56  61    4L    7H
   6  31  46  55  57  63    4L    6H
   6  21  53  63  63  63    4L    7H
  42  45  61  62  63 119    4L    7H
  25  42  43  56  63  63    4L    6H
   6  15  45  57  61  62    4L    4H
  29  43  47  47  57 119    4L    9H
  15  15  53  59  59 117    4L    7H
  29  31  38  57  60  61    4L    6H
  15  31  41  55  57  62    4L    7H
  15  20  25  51  61  63    4L    4H
   9  15  31  43  60  63    4L    6H
  15  15  43  47  57 125    4L    8H
  15  20  59  62  63 117    4L    5H
  41  53  53  59  61  63    4L    8H
  15  29  31  31  53  57    4L    9H
  21  21  53  59  61  63    4L    7H
  41  47  54  57  59  63    4L    8H
  23  29  41  47  55  57    4L    6H
  15  15  29  47  57  60    4L    8H
   6  34  51  57  63  63    4L    3H
  25  43  47  55  55  57    4L    7H
  31  39  46  54  57  61    4L    6H
  15  42  59  63 119 125    4L    7H
  15  34  55  63  63 123    4L    6H
  31  41  44  46  63  63    4L    7H
  29  41  47  47  59  62    4L    9H
  34  60  61  61  61  63    4L    8H
  15  25  47  55  57  62    4L    7H
  15  15  29  31  57 119    4L    8H
  43  47  47  53  57  57    4L    9H
  15  42  59  59  61 119    4L    8H
  29  47  54  55  57  57    4L    7H
  11  15  47  47  57  60    4L    7H
  11  20  63  63  63 117    4L    6H
  23  47  54  55  55  57    4L    6H
  27  27  54  57  62  63    4L    6H
   6  15  25  55  57  63    4L    4H
  15  23  25  47  55  61    4L    7H
  29  42  56  58  61  63    4L    6H
  29  38  47  63  63 123    4L    8H
  42  43  62  63  63 117    4L    8H
  22  29  43  46  57  63    4L    6H
  21  23  47  54  57  63    4L    6H
  29  34  63  63  63 123    4L    8H
  15  25  31  55  60  61    4L    7H
  15  15  23  47  55  57    4L    8H
  20  39  54  57  61  63    4L    4H
  25  31  54  57  59  62    4L    6H
  21  53  53  54  63  63    4L    6H
  23  29  38  47  57  61    4L    6H
  15  21  60  61  63 125    4L    7H
   6  23  47  57  60  63    4L    5H
  15  34  42  59  63  63    4L    7H
  21  22  59  61  63 125    4L    6H
  15  15  29  57  62  62    4L    8H
  15  34  51  63  63 123    4L    5H
  31  54  57  60  60  62    4L    5H
  31  41  46  55  60  63    4L    7H
  15  43  47  47  56  57    4L    8H
  25  31  46  55  62  63    4L    8H
  31  49  53  54  61  63    4L    7H
  15  21  49  63  63 123    4L    6H
  15  34  57  58  59  63    4L    6H
  27  29  31  46  55  57    4L    7H
  15  23  41  47  59  62    4L    7H
   7  21  59  59  63 117    4L    6H
   6  15  43  55  57  59    4L    5H
   7  31  54  57  61  61    4L    7H
   6  42  56  63  63  63    4L    6H
  15  21  53  53  59  63    4L    7H
  30  31  54  57  60  61    4L    6H
  27  29  46  54  57  63    4L    6H
  25  41  58  62  63  63    4L    7H
  21  31  54  57  60  63    4L    6H
  21  53  59  61  63 125    4L    8H
  15  21  49  49  59  63    4L    5H
  23  27  43  54  57  63    4L    6H
  15  31  31  41  59  62    4L    9H
  15  21  53  63  63 123    4L    7H
  15  29  45  46  57  62    4L    6H
  11  15  41  47  51  63    4L    6H
  15  25  47  51  55  61    4L    7H
  20  23  54  57  61  63    4L    4H
  15  15  23  43  55  57    4L    7H
  15  15  43  55  55  57    4L    8H
   6  25  43  55  57  63    4L    4H
  15  15  27  55  57  62    4L    7H
  46  47  54  55  57  59    4L    7H
  49  53  53  59  61  63    4L    8H
  15  41  49  53  61  63    4L    6H
  29  41  47  55  55  57    4L    7H
  15  34  41  59  60  63    4L    4H
  45  47  54  55  57  57    4L    6H
  11  31  54  57  60  61    4L    5H
  20  27  63  63  63 117    4L    7H
  47  54  55  55  55  57    4L    7H
  34  43  60  61  61  63    4L    7H
  15  31  31  43  56  57    4L    8H
  23  41  47  51  60  63    4L    6H
  29  29  29  47  57  58    4L    8H
  29  31  41  57  62  62    4L    7H
   3  25  31  46  63  63    4L    6H
  31  31  43  43  57  60    4L    9H
  23  41  47  55  62  63    4L    8H
  29  29  43  46  57  62    4L    7H
  29  29  47  47  51  57    4L    9H
  29  29  47  49  60  63    4L    8H
  15  20  59  60  63 117    4L    4H
  15  41  43  47  60  63    4L    8H
  53  53  53  54  63  63    4L    7H
  29  29  31  46  55  57    4L    8H
  21  53  57  63  63 125    4L    8H
  11  31  54  57  61  61    4L    7H
   6  15  29  57  61  62    4L    5H
  25  42  51  58  63  63    4L    6H
  29  34  57  61  61  63    4L    8H
  15  15  21  59  59 117    4L    6H
  35  42  57  63  63 125    4L    7H
  15  41  47  47  59  62    4L    9H
   6  23  47  51  57  63    4L    5H
  31  43  43  43  53  57    4L    8H
  21  45  53  55  59  63    4L    7H
  31  42  46  54  57  63    4L    6H
  15  21  49  57  60  63    4L    5H
  11  31  43  46  57  62    4L    6H
  30  31  46  54  57  59    4L    6H
  15  27  43  55  57  62    4L    7H
  15  27  31  43  55  57    4L    8H
  29  30  46  54  57  63    4L    6H
  23  31  46  54  57  59    4L    6H
   6  29  45  55  57  63    4L    5H
  31  43  43  49  58  63    4L    8H
  15  25  31  31  55  61    4L    9H
  15  53  53  61  63 119    4L    8H
  25  31  43  46  55  57    4L    6H
  49  53  54  55  61  63    4L    6H
  15  25  31  45  60  63    4L    7H
  23  25  44  47  63  63    4L    7H
  11  42  56  61  62  63    4L    5H
  21  43  49  60  61  63    4L    6H
  35  42  61  61  63 123    4L    6H
  30  31  54  57  59  62    4L    7H
  15  34  56  57  59  63    4L    5H
  23  43  54  55  55  57    4L    5H
  54  56  58  58  63  63    4L    6H
  11  34  57  59  62  63    4L    5H
  15  51  57  58  58  63    4L    7H
  21  41  43  53  61  63    4L    6H
   7  31  54  57  61  62    4L    6H
  29  31  31  41  57  62    4L    8H
  23  47  54  57  62  62    4L    6H
  29  51  56  58  59  63    4L    7H
  23  30  43  54  57  63    4L    6H
   7  31  46  54  57  61    4L    5H
   6  15  15  41  59  63    4L    5H
  31  54  55  61  61 125    4L    8H
   6  15  27  41  63  63    4L    5H
  25  43  56  58  63  63    4L    7H
  15  15  15  29  58  59    4L    8H
  34  43  63  63  63 123    4L    8H
   6  11  15  25  63  63    4L    4H
   7  47  54  55  57  59    4L    6H
  11  15  20  25  63  63    4L    4H
  29  51  58  59  63 119    4L    8H
  25  29  35  46  63  63    4L    7H
  29  43  47  49  60  63    4L    8H
  34  41  54  57  63  63    4L    4H
  15  25  31  46  55  57    4L    6H
  15  21  53  57  60  63    4L    6H
  34  45  57  59  62  63    4L    6H
  43  43  47  47  57  60    4L    9H
  15  42  51  56  57  63    4L    5H
  15  25  31  41  46  63    4L    6H
  11  42  62  63  63 117    4L    6H
  29  34  43  61  61  63    4L    8H
  15  15  47  47  57 125    4L    9H
  45  45  54  55  57  63    4L    6H
  23  25  47  54  57  59    4L    5H
  34  54  57  59  62  63    4L    5H
  15  15  23  41  43  63    4L    7H
  29  31  31  38  57  57    4L    7H
  21  49  53  54  63  63    4L    5H
  11  42  58  61  62  63    4L    6H
  31  39  46  54  57  59    4L    6H
  15  34  53  63  63 123    4L    5H
  29  45  47  55  55  57    4L    8H
  11  21  55  59  63 125    4L    6H
  23  41  47  54  57  63    4L    6H
   9  31  43  55  62  63    4L    7H
  15  31  43  63 119 125    4L    9H
   9  21  55  57  63  63    4L    6H
  34  61  61  61  61  63    4L   10H
  29  41  47  47  55  57    4L    8H
  23  41  43  55  62  63    4L    7H
  31  46  54  57  62  62    4L    6H
  42  54  59  62  63 119    4L    6H
  15  21  41  61  63 125    4L    6H
  23  41  47  55  60  63    4L    7H
  31  39  54  57  60  61    4L    6H
  11  15  43  55  55  57    4L    6H
  15  49  58  58  59  63    4L    7H
   7  31  54  57  59  62    4L    6H
  23  27  29  47  55  57    4L    7H
  25  47  47  51  60  63    4L    8H
  11  15  31  31  51  57    4L    7H
  25  31  54  57  60  63    4L    6H
  11  15  31  43  55  57    4L    7H
  15  29  43  47  58  59    4L    9H
  15  20  60  63  63 117    4L    5H
  21  27  53  55  59  63    4L    7H
  31  46  46  54  57  61    4L    6H
  15  25  31  46  51  61    4L    6H
   6  29  29  57  62  63    4L    6H
  31  43  43  46  57  62    4L    8H
  21  53  54  63  63 125    4L    6H
  29  29  47  59  60 125    4L    8H
  27  42  58  61  62  63    4L    7H
  29  34  57  58  59  63    4L    6H
  31  41  46  51  60  63    4L    6H
  15  20  62  63  63 117    4L    6H
  23  39  47  54  57  59    4L    6H
  31  43  43  53  63 119    4L    9H
  29  42  58  61  63 119    4L    7H
  29  31  41  55  57  62    4L    7H
   7  47  51  54  57  59    4L    5H
  29  58  58  59  59  61    4L    9H
  15  42  49  56  59  63    4L    5H
   6  11  43  57  62  63    4L    4H
  25  31  43  43  60  63    4L    8H
  25  29  43  46  55  63    4L    7H
  29  41  47  47  57  62    4L    8H
  15  25  27  31  46  63    4L    7H
   3  23  41  47  63  63    4L    6H
  20  21  54  57  63  63    4L    4H
  49  53  53  54  63  63    4L    6H
   6  21  57  60  63  63    4L    5H
  15  27  31  41  46  63    4L    7H
  15  41  47  51  59  62    4L    7H
  43  53  53  60  61  63    4L    8H
  23  25  43  47  55  61    4L    7H
  29  42  58  59  59  61    4L    8H
  54  58  58  59  62  63    4L    7H
   6  15  47  55  57  61    4L    6H
  21  31  54  57  62  63    4L    7H
   6  15  15  57  61  62    4L    5H
  53  53  53  57  63  63    4L    9H
  15  15  47  47  57 119    4L    9H
  20  43  43  59  59  63    4L    8H
  15  34  60  61  61  63    4L    7H
  15  42  56  59  59  61    4L    7H
  43  47  54  55  57  57    4L    7H
  15  25  31  31  51  57    4L    7H
  25  31  31  43  55  61    4L    9H
  31  43  43  51  63 119    4L    9H
  42  43  58  60  61  63    4L    7H
  43  47  51  54  57  59    4L    7H
  21  22  49  59  61  63    4L    5H
  34  46  54  57  59  63    4L    4H
  27  29  43  55  57  62    4L    7H
  15  51  58  59  63 119    4L    8H
  23  27  43  47  57  62    4L    7H
  20  29  51  59  59  63    4L    7H
  46  47  54  55  57  61    4L    7H
   6  23  47  57  62  63    4L    6H
  15  25  31  57  60  62    4L    6H
  27  42  62  63  63 117    4L    7H
  34  43  43  55  57  63    4L    6H
  15  41  53  61  63 125    4L    7H
   6  42  58  63  63  63    4L    7H
  25  43  58  63  63 119    4L    8H
  31  43  43  63 119 125    4L    9H
  15  25  41  47  55  63    4L    7H
  29  31  31  43  57 125    4L    9H
   6  15  31  46  57  61    4L    5H
  39  47  54  55  57  61    4L    7H
  53  53  54  55  61  63    4L    7H
   6  31  46  57  62  63    4L    6H
  31  51  54  55  57  62    4L    6H
  15  34  41  45  63  63    4L    5H
  21  21  53  57  63  63    4L    7H
  23  23  43  54  57  63    4L    6H
   6  15  27  55  57  59    4L    4H
  15  15  31  46  55  57    4L    8H
  15  21  49  61  63 119    4L    6H
  54  58  58  63  63 119    4L    7H
  42  47  54  55  57  63    4L    7H
  29  43  45  55  57  62    4L    7H
  15  15  47  47  57  60    4L    9H
   3  23  25  47  63  63    4L    6H
  15  31  31  43  57 119    4L    9H
  15  21  63  63 123 125    4L    7H
  29  29  47  55  55  57    4L    9H
  15  53  53  59  61  61    4L    9H
   9  31  43  55  60  63    4L    6H
  40  57  61  62  63 125    4L    6H
  45  54  55  57  62  62    4L    5H
  29  31  31  43  57 119    4L    9H
   6  20  57  60  63  63    4L    3H
  21  28  57  63  63 119    4L    7H
  15  15  47  47  57  62    4L   10H
  11  15  29  46  57  62    4L    5H
  11  20  54  57  61  63    4L    3H
  15  25  31  55  61  62    4L    8H
  21  29  49  51  59  63    4L    6H
  15  51  57  58  63 119    4L    7H
  15  53  56  61  63 125    4L    7H
   7  34  54  57  59  63    4L    3H
  39  47  54  55  57  59    4L    7H
  25  31  31  43  55  57    4L    8H
  23  28  41  43  63  63    4L    7H
  31  43  54  57  57  62    4L    7H
  23  29  41  47  59  62    4L    7H
  22  23  43  47  57  61    4L    6H
  15  25  31  31  51  61    4L    8H
  29  31  41  46  57  62    4L    6H
  15  15  31  43  49  57    4L    7H
  15  25  31  41  62  63    4L    7H
  15  58  58  59  63 125    4L    8H
  25  43  47  47  55  61    4L    9H
  15  15  31  31  57 119    4L    9H
  15  15  15  15  41  59    4L    7H
  20  29  38  57  61  63    4L    4H
  15  25  31  45  46  63    4L    7H
  23  29  29  47  55  57    4L    8H
  15  15  58  61  61 123    4L    7H
  20  27  54  57  61  63    4L    4H
   9  42  57  62  63  63    4L    6H
  21  27  55  59  63 125    4L    7H
  15  23  41  47  57  62    4L    6H
  11  29  31  46  55  57    4L    6H
  23  29  38  43  57  63    4L    6H
  15  49  53  59  61  61    4L    8H
  15  15  47  47  56  57    4L    8H
  27  31  54  57  60  61    4L    6H
  22  23  43  43  57  63    4L    6H
  23  30  47  54  57  61    4L    6H
  15  42  58  58  61  63    4L    7H
  15  25  58  59  63 119    4L    7H
  29  29  31  31  55  57    4L   10H
   3  31  41  46  63  63    4L    6H
  15  23  43  43  55  57    4L    7H
  31  46  51  54  55  57    4L    5H
  31  54  55  57  60  61    4L    7H
  15  15  15  15  55  61    4L    9H
  42  54  58  63  63 119    4L    6H
  27  29  47  55  55  57    4L    8H
   6  15  27  57  61  62    4L    4H
  15  42  58  63  63 117    4L    7H
  23  41  44  47  63  63    4L    7H
  42  56  57  58  63  63    4L    7H
  15  15  29  31  41  59    4L    8H
  23  29  45  47  55  57    4L    7H
  29  31  31  43  56  57    4L    8H
  21  49  53  57  63  63    4L    7H
  20  43  63  63  63 117    4L    8H
  29  31  43  51  56  63    4L    8H
  27  31  43  46  57  62    4L    7H
  25  43  47  47  57  62    4L    8H
  15  29  47  47  57 125    4L    9H
  15  25  45  51  55  63    4L    6H
  15  20  51  59  59  63    4L    7H
  25  42  51  63  63 119    4L    6H
  45  47  51  54  57  59    4L    6H
   6  29  41  55  57  63    4L    4H
  15  42  51  57  63 119    4L    6H
  31  45  54  57  60  61    4L    6H
  15  15  29  31  56  57    4L    7H
  21  25  54  57  63  63    4L    6H
  15  20  25  57  62  63    4L    4H
  15  53  57  60  63 125    4L    7H
  47  54  58  59  63 119    4L    8H
  20  59  59  61  63 125    4L    8H
  29  29  47  53  59  60    4L    8H
  42  54  57  63  63 117    4L    6H
  15  34  57  63  63 123    4L    6H
  22  43  47  55  57  61    4L    7H
  41  53  60  63  63 125    4L    7H
  42  54  56  58  63  63    4L    5H
  21  41  60  63  63 125    4L    6H
  11  31  43  43  55  57    4L    7H
  27  45  54  55  57  63    4L    6H
  15  34  41  59  62  63    4L    5H
  41  53  53  60  63  63    4L    7H
  29  41  47  62  63 125    4L    8H
  15  42  56  63  63 117    4L    6H
  30  47  51  54  57  59    4L    6H
  29  31  38  46  57  59    4L    6H
  15  49  53  60  61  63    4L    7H
  29  29  47  53  63 119    4L    9H
  15  29  45  47  57  62    4L    8H
  15  25  45  55  55  63    4L    7H
   6  43  43  55  57  63    4L    6H
  15  29  31  31  57 125    4L    9H
  15  31  41  46  55  57    4L    6H
  29  31  41  46  55  57    4L    6H
  15  21  61  63 119 125    4L    7H
  31  46  46  54  57  59    4L    6H
  41  49  53  60  63  63    4L    6H
  31  53  54  55  61  61    4L    8H
   6  15  15  55  57  59    4L    5H
  23  41  47  51  62  63    4L    7H
  15  15  15  15  59  62    4L    9H
  15  25  29  46  55  63    4L    7H
  21  45  49  55  59  63    4L    6H
  27  42  61  62  63 119    4L    7H
   6  34  43  57  63  63    4L    4H
  31  41  46  51  62  63    4L    7H
  15  56  58  59  63 125    4L    7H
  15  20  57  63  63 117    4L    6H
  15  34  63  63 123 125    4L    5H
  29  46  46  54  57  63    4L    6H
  15  15  23  47  57  62    4L    8H
  20  45  54  57  61  63    4L    4H
  15  29  31  31  49  57    4L    8H
  29  31  31  57  57  58    4L    9H
  29  31  38  46  57  61    4L    6H
  23  29  29  47  57  62    4L    8H
  31  43  43  57  62  62    4L    9H
  25  42  58  59  61  63    4L    7H
  23  31  54  57  60  61    4L    6H
  42  45  58  61  62  63    4L    7H
  20  51  57  59  59  63    4L    7H
  29  39  46  54  57  63    4L    6H
  15  49  53  61  63 119    4L    7H
  29  31  45  46  55  57    4L    7H
  15  31  43  43  51  57    4L    8H
  15  42  51  58  59  63    4L    7H
   6  29  46  57  62  63    4L    5H
   9  29  47  51  62  63    4L    6H
   6  15  31  46  57  59    4L    5H
  29  31  54  57  57  62    4L    7H
  21  28  56  57  63  63    4L    6H
  15  27  31  31  51  57    4L    8H
  15  27  27  55  57  62    4L    6H
   6  11  15  57  61  62    4L    3H
  27  31  54  57  61  61    4L    8H
  15  20  25  27  63  63    4L    5H
  15  23  41  43  60  63    4L    6H
  15  29  47  58  63 125    4L    9H
  21  22  49  59  63  63    4L    6H
  15  15  47  55  55  57    4L    9H
  15  15  31  31  55  57    4L   10H
  15  25  47  47  55  57    4L    8H
  29  29  47  53  60  63    4L    9H
  21  21  53  59  63  63    4L    8H
  22  43  47  57  59  59    4L    8H
   6  15  41  57  62  63    4L    4H
  34  59  61  61  63 119    4L    8H
  15  21  49  59  61  61    4L    7H
  34  43  54  57  59  63    4L    5H
   6  15  41  45  63  63    4L    5H
  15  27  43  55  55  57    4L    7H
  15  23  27  41  47  63    4L    7H
  29  29  29  47  57  62    4L    9H
  29  31  46  54  57  57    4L    6H
  29  54  57  62  62  62    4L    6H
  29  29  34  61  61  63    4L    8H
  31  45  54  57  61  61    4L    8H
  15  29  47  49  63 119    4L    8H
  15  29  31  43  53  61    4L    9H
  15  42  51  56  59  63    4L    6H
  15  25  47  47  51  57    4L    7H
  38  42  59  61  63 119    4L    6H
  25  31  43  55  63 119    4L    8H
  21  45  55  63  63 123    4L    7H
  21  53  54  55  61  63    4L    6H
  27  29  29  47  57  62    4L    8H
  29  29  47  60  63 125    4L    9H
  25  31  43  55  61  62    4L    8H
  53  53  53  61  63  63    4L   10H
  11  15  29  47  57  62    4L    7H
  15  31  43  51  61 119    4L    8H
  17  55  57  57  59  63    4L    7H
  15  56  58  59  59  61    4L    8H
   6  21  29  57  63  63    4L    6H
   6  15  23  43  57  63    4L    5H
  29  51  58  58  59  63    4L    8H
   6  23  43  55  57  63    4L    5H
  23  29  38  47  57  59    4L    6H
  15  23  27  43  55  57    4L    6H
  29  31  41  59  62  62    4L    8H
  21  43  60  61  63 125    4L    7H
  11  23  43  47  57  62    4L    6H
  27  29  31  31  55  57    4L    9H
  15  20  57  61  63 125    4L    6H
  29  38  47  47  57  57    4L    7H
  29  41  47  55  57  62    4L    7H
  15  23  25  27  47  63    4L    7H
  42  43  56  63  63 125    4L    7H
   9  29  47  55  62  63    4L    7H
  41  53  53  57  63  63    4L    8H
   6  31  46  57  60  63    4L    5H
  31  43  43  53  56  63    4L    8H
  43  43  47  47  57  62    4L   10H
   6  15  41  55  57  63    4L    4H
   6  25  57  59  62  63    4L    5H
  15  53  60  61  63 125    4L    8H
  15  58  58  59  59  61    4L    9H
  25  31  46  54  57  59    4L    5H
  23  41  47  54  57  61    4L    5H
  15  15  31  31  57 125    4L    9H
  27  42  56  61  62  63    4L    6H
  22  34  43  57  59  63    4L    4H
  25  29  31  43  55  63    4L    9H
  21  54  55  61  63 125    4L    6H
  15  53  53  56  61  63    4L    7H
  15  41  47  51  55  57    4L    6H
  15  23  41  43  62  63    4L    7H
  27  31  43  43  55  57    4L    8H
   6  42  51  57  63  63    4L    5H
  15  51  56  57  58  63    4L    6H
  29  29  31  57  60  62    4L    8H
  15  42  56  59  63 125    4L    6H
   7  23  47  54  57  59    4L    5H
   7  47  54  55  57  61    4L    6H
  25  29  31  43  58  63    4L    8H
  15  27  41  60  62  63    4L    6H
  20  45  63  63  63 117    4L    7H
  23  31  54  57  59  62    4L    7H
  23  43  43  47  57  62    4L    8H
  30  34  54  57  59  63    4L    4H
  20  25  43  55  61  63    4L    5H
  43  54  55  55  55  57    4L    6H
  15  15  29  31  55  61    4L   10H
  42  42  58  63  63  63    4L    9H
   7  42  61  61  63 123    4L    6H
  17  55  57  59  63 119    4L    6H
   6  25  43  57  62  63    4L    4H
  56  57  58  58  63  63    4L    8H
  15  25  31  55  57  62    4L    7H
  15  15  25  29  46  63    4L    7H
  54  58  58  58  63  63    4L    7H
  22  31  43  46  57  61    4L    6H
  42  43  49  63  63 119    4L    7H
  15  29  29  47  56  57    4L    7H
  27  47  51  54  57  59    4L    6H
  15  25  31  57  62  62    4L    7H
   6  15  23  47  57  61    4L    5H
  23  47  54  57  59  62    4L    7H
  34  45  54  57  59  63    4L    4H
  20  43  53  57  61  63    4L    6H
  15  42  58  59  63 125    4L    7H
  15  43  45  55  55  57    4L    7H
  15  34  41  55  57  63    4L    4H
  31  43  43  58  63 125    4L    9H
  15  21  53  61  63 119    4L    7H
  15  25  29  46  51  63    4L    6H
  15  15  43  47  59  62    4L   10H
  15  29  47  63 119 125    4L    9H
  15  21  59  63 125 125    4L    7H
  15  15  27  41  62  63    4L    7H
  15  34  63  63  63 123    4L    8H
  25  41  53  55  63  63    4L    7H
  15  43  43  43  47  59    4L   10H
  27  47  54  57  59  59    4L    8H
  27  31  43  57  62  62    4L    8H
  38  42  56  61  63  63    4L    6H
